
Query: 0
Nearest neighbor-1: 12982
distanceHypercube: 1688.07
distanceTrue: 676.584
tHypercube: 0.000225 seconds
tTrue: 0.225418 seconds
R-near neighbors:
1122
4122
5035
6863
11489
12697
12982
13365
13543
17741
18845
18974
20222
21565
22736
24263
29827
29893
30354
31977
32646
37104
37416
37645
37678
37916
39781
45250
45375
47148
48758
51670
53564
54164
55747
58926

Query: 1
Nearest neighbor-1: 24753
distanceHypercube: 2283.12
distanceTrue: 1162.93
tHypercube: 0.0001888 seconds
tTrue: 0.238359 seconds
R-near neighbors:
1432
1975
2960
5888
6811
7923
10809
11833
13358
14609
14686
17831
20094
21744
24575
24753
25527
26108
27898
31878
33093
36761
38755
39157
41843
41980
45673
55307
57631
59728

Query: 2
Nearest neighbor-1: 40884
distanceHypercube: 1257.63
distanceTrue: 321.663
tHypercube: 0.0001899 seconds
tTrue: 0.227489 seconds
R-near neighbors:
890
3421
3646
4439
8549
11843
12118
15458
17260
19494
23540
27192
27402
30293
31813
32185
32591
34085
36577
39045
40170
40326
40646
40884
44620
45372
50597
51223
55805
56625
59043

Query: 3
Nearest neighbor-1: 40312
distanceHypercube: 2068.87
distanceTrue: 1221.58
tHypercube: 0.0002064 seconds
tTrue: 0.226709 seconds
R-near neighbors:
1160
4597
6697
6876
7144
7400
10459
14092
16402
17387
18808
25098
31417
31773
32273
33742
33802
35755
36264
40312
44234
45057
45263
45930
49090
51475
51986
54071
55463
55560
56225
57008
57053
57780

Query: 4
Nearest neighbor-1: 18458
distanceHypercube: 1708.8
distanceTrue: 1092.53
tHypercube: 0.0002596 seconds
tTrue: 0.238056 seconds
R-near neighbors:
546
850
1325
2617
3602
3668
4611
6731
8844
9042
9286
9796
14557
15912
18458
20309
21379
22302
22526
22857
24427
24621
25060
26484
26930
27259
27953
30526
34736
35033
35724
36151
36417
37065
38469
38908
40230
46967
48263
49820
53582
55229
55775
56098
59531
59782

Query: 5
Nearest neighbor-1: 12847
distanceHypercube: 1278.5
distanceTrue: 298.124
tHypercube: 0.0002417 seconds
tTrue: 0.223477 seconds
R-near neighbors:
273
2414
3816
6606
6724
9462
9630
10697
10951
12847
13043
13871
15389
17697
19222
20383
21221
23130
26950
27825
29669
31926
32881
33294
34015
36180
37069
37658
37733
37957
39230
39862
40043
42507
45842
46230
47668
48748
51959
51967
54500
58794

Query: 6
Nearest neighbor-1: 10964
distanceHypercube: 2167.92
distanceTrue: 1302.71
tHypercube: 0.0001975 seconds
tTrue: 0.225706 seconds
R-near neighbors:
2831
6508
6634
8260
10075
10596
10963
10964
11392
11687
12219
14159
16344
20665
21082
24393
30766
34854
35630
37619
38170
40364
42204
43729
44172
47167
47365
51666
54269
55969
56298
57668

Query: 7
Nearest neighbor-1: 15302
distanceHypercube: 2075.09
distanceTrue: 1289.7
tHypercube: 0.0002422 seconds
tTrue: 0.223894 seconds
R-near neighbors:
1714
2912
3287
6825
8623
13505
13795
15302
15889
16390
17887
18051
18463
20342
21792
22260
23182
24126
24609
26481
28416
30152
30731
34630
35087
36081
38746
40906
44092
44382
44409
49862
49876
51068
53558
53875
55412
55909
56152
56251
56812
58066

Query: 8
Nearest neighbor-1: 33577
distanceHypercube: 2456.78
distanceTrue: 1735.34
tHypercube: 0.0002074 seconds
tTrue: 0.228409 seconds
R-near neighbors:
1257
1466
2233
8878
9370
10054
10643
10759
11236
11375
12310
14082
14119
24387
25024
25281
25358
26408
33577
34065
34226
37068
40528
43893
44160
46374
47459
47531
51605
52440
52827
53190
56722

Query: 9
Nearest neighbor-1: 32403
distanceHypercube: 1812.76
distanceTrue: 991.598
tHypercube: 0.0002257 seconds
tTrue: 0.224966 seconds
R-near neighbors:
3865
4005
4497
7423
8464
10058
10288
16793
17602
17963
18253
18554
20057
21000
22775
23672
23754
25934
27419
28478
32403
32951
36589
36628
37481
40830
41343
42135
42558
42806
44193
45385
49495
50006
53220
56585
57749
57902
58908
